-3.524228 -2.29841 -3.677456
-3.064546 -3.064546 -3.524228
-1.225818 -0.766136 -6.435548
-1.225818 -3.830683 -6.282321
-3.677456 -2.604864 -4.290365
-3.677456 -1.991955 -3.217774
-3.064546 -3.064546 -3.677456
-1.072591 1.225818 -4.443592
-2.911319 -1.532273 -6.282321
-3.064546 -0.919364 -3.830683
-5.362957 -1.6855 -2.758092
-3.98391 -1.072591 -2.451637
-3.830683 0.306454 -5.516184
-4.903275 -3.98391 -10.266232
-4.290365 -1.532273 -4.290365
-4.443592 -0.306454 -3.064546
-6.742003 -3.217774 -2.145182
-3.830683 0.153227 -4.750047
-7.201685 -4.903275 -9.80655
-5.209729 -1.225818 -4.137138
-6.89523 -2.29841 -3.371001
-4.137138 -0.153227 -4.137138
-3.524228 0.306454 -8.274276
-3.371001 0.306454 -3.064546
-4.290365 -0.153227 -4.290365
-5.516184 -1.225818 -1.991955
-4.59682 -1.225818 -4.903275
-3.677456 0.459682 -6.742003
-4.290365 -0.612909 -7.967821
-3.830683 -1.532273 -2.758092
-6.588775 -2.758092 -3.524228
-2.29841 -0.306454 -5.362957
-2.604864 0.306454 -6.588775
-1.532273 -1.532273 -8.427503
-1.991955 -1.6855 -5.362957
