0.7661 -2.7581 -3.6775
0.6129 -2.7581 -3.5242
-0.4597 -2.6049 -3.9839
-3.2178 -1.379 -3.371
2.4516 -1.0726 -1.992
-0.3065 -2.7581 -2.1452
0.6129 -3.0645 -1.8387
2.2984 -0.4597 -3.0645
-3.6775 -3.6775 -2.2984
2.4516 -2.4516 -1.6855
0.4597 -4.5968 -1.379
3.371 -5.6694 -2.9113
5.2097 -4.75 -1.992
-0.9194 -2.2984 -1.992
0.6129 -3.2178 -1.5323
-1.8387 -0.3065 -2.6049
-3.5242 -4.2904 -2.7581
1.8387 -2.6049 -1.0726
-2.2984 -2.2984 -1.8387
1.2258 -3.371 -2.2984
1.379 -0.3065 -2.9113
-4.5968 -5.6694 -2.7581
0.1532 -1.6855 -1.992
0.1532 -4.1371 -1.5323
-0.1532 -4.5968 -3.371
-1.8387 -1.2258 -2.6049
2.4516 1.2258 -1.8387
-1.6855 -2.2984 -1.5323
1.2258 -2.7581 -2.2984
-4.2904 -3.8307 -2.6049
1.0726 -1.992 -1.379
-1.8387 -2.4516 -1.992
1.992 -6.2823 -2.9113
-1.0726 -0.9194 -2.4516
3.8307 -6.1291 -1.379
-1.992 -1.379 -2.2984
-2.6049 -0.3065 -2.6049
-3.5242 -3.8307 -3.0645
-2.1452 -2.2984 -1.8387
0.3065 -3.8307 -2.2984
0.6129 -0.1532 -2.9113
-5.2097 -5.363 -2.9113
0.6129 -1.992 -2.1452
-0.3065 -2.9113 -1.992
-0.7661 -3.9839 -3.6775
-1.992 -1.379 -2.4516
1.5323 1.2258 -2.1452
-3.8307 -1.992 -1.8387
-0.4597 -1.5323 -1.6855
-1.2258 0.1532 -2.4516
-2.9113 -0.9194 -2.4516
0.7661 -1.992 -1.2258
-1.2258 -1.992 -1.379
0.3065 -1.5323 -1.992
-1.2258 -1.6855 -2.2984
