-0.7661 -2.6049 -4.2904
-2.6049 -1.6855 -4.1371
-3.2178 -1.2258 -4.9033
2.4516 -1.379 -2.1452
-0.7661 -2.2984 -2.1452
-0.9194 -3.8307 -2.2984
-1.0726 -0.9194 -3.371
-3.5242 -5.2097 -3.5242
2.2984 0.7661 -1.6855
-2.6049 -1.6855 -2.2984
1.0726 -4.5968 -1.8387
-0.4597 -0.9194 -3.5242
-2.4516 -11.0324 -3.8307
-0.6129 -3.2178 -1.379
-2.4516 -2.6049 -1.8387
-3.2178 -1.6855 -3.6775
-4.4436 -0.9194 -4.2904
0.4597 -1.379 -1.6855
-3.9839 -1.379 -2.2984
-1.0726 -1.6855 -1.8387
-0.3065 0.4597 -3.2178
-6.5888 -5.363 -4.75
-0.4597 -2.1452 -1.379
-2.7581 -2.2984 -1.6855
-1.8387 -3.9839 -3.6775
-4.2904 -0.4597 -4.1371
0.4597 -4.4436 -1.6855
-3.5242 -1.0726 -2.1452
-2.1452 -1.2258 -1.992
-1.0726 2.2984 -2.9113
-7.8146 -3.0645 -4.1371
-1.8387 -1.2258 -2.1452
-3.371 -2.4516 -1.5323
-3.0645 -3.9839 -3.6775
-5.5162 -0.3065 -4.75
-2.2984 -0.9194 -1.2258
-4.4436 -0.6129 -2.1452
-1.379 -1.379 -1.992
-1.5323 -1.379 -2.7581
-7.9678 -6.4355 -4.1371
-0.4597 -1.5323 -1.992
-3.8307 -1.8387 -1.6855
-4.5968 -1.2258 -3.9839
-5.5162 -0.6129 -3.6775
-0.3065 0.4597 -1.5323
-3.9839 -1.2258 -1.6855
-2.1452 -1.6855 -1.8387
-2.9113 -1.2258 -2.1452
-1.2258 -3.0645 -3.9839
0.4597 -5.6694 -1.6855
0.1532 -3.9839 -2.2984
0.4597 -1.8387 -3.371
-1.2258 -2.1452 -3.8307
