-4.903275 1.991955 -9.500095
-4.59682 1.6855 -9.040413
-4.443592 1.838728 -9.19364
-4.59682 1.072591 -8.733958
-4.59682 2.911319 -9.80655
-4.443592 3.524228 -9.653322
-5.209729 1.379046 -8.121049
-3.830683 4.137138 -11.032368
-4.750047 3.524228 -8.887185
-5.516184 2.145182 -9.040413
-4.137138 4.750047 -10.266232
-5.516184 1.838728 -9.040413
-4.137138 4.137138 -10.113004
-5.056502 2.911319 -9.653322
-3.677456 3.98391 -10.419459
-4.443592 2.911319 -10.113004
-4.290365 3.064546 -9.959777
-4.290365 2.911319 -10.113004
-3.98391 3.064546 -10.113004
