0.9194 1.992 -11.1856
5.5162 -1.2258 -5.6694
5.0565 -1.992 -1.992
-3.9839 5.0565 -8.4275
4.1371 -1.992 -3.371
-2.4516 0.3065 -5.363
1.6855 -2.2984 -5.5162
2.1452 0.4597 -4.5968
-2.6049 2.2984 -8.2743
0.4597 -1.2258 -5.363
2.9113 -5.363 -2.1452
-0.7661 1.6855 -7.5081
1.8387 -2.1452 -7.3549
3.371 -2.1452 -7.2017
-0.7661 3.5242 -7.9678
5.5162 -3.9839 -4.4436
-4.4436 5.5162 -9.5001
5.5162 -3.8307 -4.1371
-0.9194 2.7581 -11.9517
-0.4597 2.2984 -11.1856
0.1532 1.992 -10.4195
-0.4597 2.4516 -11.3388
-0.3065 2.6049 -11.4921
-0.3065 2.7581 -11.4921
-0.1532 2.6049 -11.3388
-0.1532 2.6049 -11.6453
0.1532 2.6049 -11.6453
-0.3065 2.7581 -11.4921
-0.1532 2.7581 -11.6453
-0.3065 3.0645 -11.7985
-0.3065 2.9113 -11.6453
0.6129 2.2984 -11.4921
0.1532 2.7581 -11.6453
