0.6129 -3.2178 -2.6049
0.1532 -1.6855 -3.0645
-1.0726 -3.2178 -3.2178
-1.6855 -2.2984 -3.0645
-1.6855 -4.75 -5.0565
-1.8387 -0.3065 -4.2904
-0.3065 0.4597 -3.371
-1.6855 -2.1452 -3.0645
-0.3065 -3.9839 -2.9113
-0.1532 -0.1532 -4.1371
-2.9113 -2.7581 -5.6694
0.7661 -2.7581 -2.9113
-0.7661 -1.8387 -3.2178
-0.4597 -4.2904 -5.8226
-1.8387 -0.4597 -4.75
0.7661 -0.9194 -4.5968
-0.4597 -1.0726 -2.7581
-1.5323 -2.2984 -3.9839
-3.2178 -2.2984 -5.363
-2.1452 -2.9113 -5.2097
1.8387 -2.7581 -4.1371
-1.379 -2.1452 -3.2178
-0.3065 -5.0565 -1.8387
-0.1532 1.0726 -4.4436
-4.4436 -1.0726 -7.0485
1.8387 -2.1452 -3.2178
-0.7661 -2.6049 -3.371
-1.379 -3.5242 -5.8226
-2.4516 -1.0726 -5.2097
0.3065 -1.8387 -4.1371
-1.2258 -2.1452 -3.2178
-0.9194 -4.75 -2.1452
-3.6775 -3.0645 -7.2017
1.379 -2.9113 -3.0645
-1.5323 -2.4516 -3.5242
-0.4597 -3.6775 -5.363
-1.8387 -1.5323 -4.2904
-0.1532 -6.1291 -4.75
-1.379 -1.379 -2.9113
-2.4516 -1.992 -3.0645
-1.2258 -1.5323 -4.2904
-1.8387 -1.8387 -5.2097
-0.6129 -1.5323 -2.6049
-1.2258 -1.5323 -3.371
0.7661 -5.363 -3.2178
-1.2258 -0.3065 -4.75
-2.7581 -3.9839 -6.8952
-0.4597 -1.0726 -2.7581
-1.8387 -2.9113 -3.2178
-1.992 -2.2984 -4.75
-1.2258 -1.379 -4.5968
-0.1532 -1.8387 -4.1371
-1.6855 -1.8387 -3.5242
0.3065 -5.2097 -3.9839
-0.1532 -0.9194 -4.5968
-3.8307 -3.2178 -6.2823
-1.0726 -2.9113 -2.2984
-1.2258 -3.0645 -3.2178
-1.8387 -0.9194 -5.2097
-1.992 -1.2258 -4.9033
0.3065 -1.8387 -3.2178
-0.6129 -1.992 -3.5242
-1.379 -1.8387 -5.363
-1.6855 -0.3065 -4.75
-2.7581 -2.2984 -4.75
-0.7661 -1.8387 -4.1371
-1.992 -1.992 -3.2178
-1.6855 -2.1452 -3.2178
-2.6049 -3.5242 -4.1371
