0.4597 -3.5242 -4.1371
-0.7661 -2.6049 -2.6049
-1.992 -1.992 -3.0645
0.9194 -3.5242 -2.7581
1.8387 -1.379 -3.9839
-2.1452 -2.2984 -5.5162
0.1532 -1.992 -2.9113
-0.9194 -1.5323 -3.2178
1.379 -3.0645 -4.5968
-0.6129 -1.379 -4.5968
-2.4516 -2.9113 -7.2017
-1.2258 -1.5323 -2.6049
-0.4597 -2.9113 -3.5242
-0.1532 -2.2984 -4.75
-1.379 -1.379 -5.0565
-0.4597 -2.1452 -2.9113
-1.992 -1.2258 -3.371
1.6855 -3.9839 -4.4436
-1.0726 -0.3065 -4.2904
-1.992 -4.9033 -4.9033
-0.9194 -0.9194 -3.2178
-2.4516 -3.2178 -3.371
0.7661 0.1532 -3.6775
-1.2258 -6.8952 -7.0485
0.1532 -3.371 -2.4516
-0.6129 -3.2178 -3.8307
-1.5323 -4.9033 -5.0565
-1.6855 -1.5323 -5.363
2.1452 -2.6049 -2.7581
-2.7581 -1.379 -3.8307
0.1532 -5.2097 -3.371
-0.3065 -0.1532 -4.2904
-2.2984 -5.2097 -6.4355
-1.0726 -1.6855 -3.371
-0.1532 -4.4436 -3.0645
-1.379 -5.363 -7.2017
1.8387 -2.7581 -3.371
-1.0726 -2.1452 -4.2904
-1.2258 -2.6049 -5.5162
-1.6855 -1.8387 -6.2823
0.3065 -1.8387 -2.9113
-2.6049 -1.6855 -3.371
0.9194 -3.0645 -3.2178
-0.6129 -0.3065 -4.2904
-1.992 -5.5162 -5.6694
-1.5323 -1.0726 -2.7581
-4.1371 -2.6049 -3.371
-3.371 -4.5968 -6.742
0.1532 -0.9194 -2.9113
-0.6129 -2.9113 -3.6775
-0.6129 -5.2097 -5.0565
-0.9194 -1.992 -5.6694
2.4516 -2.7581 -3.5242
-1.6855 -1.6855 -3.2178
-1.2258 -4.4436 -1.992
0.6129 0.4597 -4.5968
-0.7661 -4.4436 -3.9839
2.1452 -1.379 -3.6775
-0.7661 -1.5323 -3.5242
1.0726 -5.0565 -5.2097
-1.0726 -1.379 -5.0565
1.0726 -6.5888 -4.4436
-0.3065 -0.9194 -3.5242
-2.1452 -3.0645 -3.0645
-0.1532 -1.379 -4.2904
-0.9194 -1.8387 -5.6694
-0.7661 -1.992 -3.6775
-1.379 -3.2178 -5.8226
-0.4597 -2.1452 -4.4436
-0.1532 -2.2984 -4.4436
-0.1532 -2.4516 -5.0565
-0.1532 -2.1452 -4.75
0.1532 -2.2984 -5.0565
-0.1532 -2.2984 -4.9033
