1.2258 -2.6049 -3.8307
0.6129 -2.4516 -3.8307
0.1532 -3.371 -3.8307
-0.6129 -1.8387 -4.9033
-0.4597 -3.5242 -5.6694
2.9113 -1.6855 -3.8307
0.3065 -1.992 -3.8307
0.6129 -4.4436 -3.6775
1.2258 -0.7661 -3.6775
1.379 -5.6694 -4.2904
2.9113 -0.6129 -4.4436
0.4597 -1.8387 -3.6775
3.9839 -4.9033 -1.379
2.4516 0.3065 -3.371
-3.0645 -6.2823 -6.1291
1.6855 -1.6855 -3.371
0.1532 -3.0645 -3.8307
6.4355 -2.2984 -3.6775
0.7661 0.1532 -3.9839
3.8307 -4.75 -3.6775
-0.7661 -1.0726 -3.2178
-0.3065 -2.7581 -3.2178
-2.6049 -7.6614 -4.2904
-1.5323 -1.5323 -4.75
2.9113 -5.2097 -3.0645
-0.4597 -1.5323 -3.5242
0.3065 -4.1371 -3.8307
1.992 0.7661 -3.0645
-5.6694 -3.6775 -7.0485
1.2258 -4.75 -4.1371
0.3065 -3.2178 -3.6775
4.4436 -4.4436 -3.5242
0.1532 -0.6129 -4.1371
-0.1532 -8.121 -4.5968
0.1532 -1.6855 -3.2178
-1.2258 -1.992 -4.4436
0.1532 -0.7661 -3.6775
0.9194 -6.742 -4.4436
2.6049 -0.7661 -3.9839
-0.4597 -2.1452 -3.8307
6.5888 -4.2904 -1.5323
1.379 0.1532 -3.8307
4.5968 -6.742 -2.7581
0.4597 -1.0726 -3.6775
-0.1532 -2.6049 -3.371
-2.1452 -6.1291 -4.2904
-1.379 -1.6855 -4.75
2.6049 -0.6129 -3.6775
0.4597 -1.379 -3.371
0.3065 -4.75 -3.5242
0.9194 0.4597 -3.5242
-0.1532 -2.7581 -4.9033
2.4516 -4.4436 -3.8307
-0.9194 -2.4516 -3.9839
2.4516 -4.1371 -3.0645
