0.6129 -1.992 -3.5242
2.2984 -2.2984 -3.0645
-0.7661 -2.2984 -3.5242
-0.6129 -3.2178 -3.8307
-0.6129 -3.2178 -3.9839
-0.7661 -3.6775 -4.4436
2.4516 -3.8307 -3.8307
0.6129 -1.6855 -3.6775
2.4516 -6.2823 -2.1452
1.6855 0.3065 -4.5968
-1.2258 -7.0485 -4.9033
0.7661 -2.1452 -3.0645
-0.7661 -2.2984 -3.2178
0.3065 -2.1452 -3.5242
0.1532 -0.1532 -4.1371
1.992 0.4597 -3.371
-0.6129 -1.5323 -3.6775
1.992 0.6129 -3.2178
-3.2178 -5.363 -5.0565
1.2258 -0.9194 -3.8307
7.3549 -3.9839 -2.2984
1.6855 0.4597 -3.8307
3.8307 -7.2017 -3.9839
1.5323 -1.0726 -3.6775
0.6129 -3.2178 -2.9113
-0.9194 -1.0726 -4.2904
0.9194 -1.0726 -3.371
-0.4597 -1.5323 -3.371
-0.6129 -2.9113 -4.9033
0.1532 -1.6855 -3.6775
1.379 -5.8226 -3.371
3.0645 -0.9194 -2.4516
-0.7661 -1.5323 -3.6775
0.3065 -4.75 -2.6049
0.3065 1.0726 -3.371
-4.2904 -4.75 -6.1291
2.7581 -3.371 -3.9839
0.1532 -2.6049 -3.5242
6.4355 -3.8307 -2.2984
1.379 -0.4597 -4.1371
-2.4516 -5.6694 -5.363
2.1452 -1.2258 -3.8307
1.2258 -3.2178 -3.0645
1.992 -3.5242 -4.4436
2.7581 -0.1532 -3.371
0.1532 -8.2743 -4.75
0.7661 -2.4516 -3.371
0.4597 -2.7581 -2.7581
-1.0726 -5.363 -4.2904
1.0726 -1.379 -3.5242
-0.1532 -6.4355 -4.1371
0.4597 -2.1452 -3.2178
-1.379 -1.992 -3.371
-0.6129 -3.371 -4.1371
0.9194 -0.9194 -3.5242
1.6855 -7.5081 -4.5968
0.1532 -2.7581 -2.6049
