1.379046 -2.604864 -3.524228
1.532273 -2.604864 -4.443592
-0.459682 -2.911319 -3.524228
0.306454 -2.29841 -3.830683
-0.766136 -5.822639 -0.766136
1.532273 -1.532273 -3.524228
2.604864 -4.443592 -4.59682
3.217774 2.29841 -0.766136
1.838728 -0.919364 -3.064546
3.677456 -4.903275 -4.59682
1.6855 -0.306454 -0.612909
0.459682 -1.072591 -2.29841
0.306454 -5.056502 1.225818
1.6855 -0.459682 -3.830683
2.451637 -3.98391 -5.975866
3.677456 -3.830683 -2.758092
1.225818 -1.991955 -2.911319
4.59682 -3.830683 -0.459682
2.758092 0.306454 -3.524228
