0.4597 -2.7581 -3.9839
0.6129 -2.4516 -3.9839
-0.6129 -4.4436 -3.2178
-0.6129 -4.4436 -3.9839
0.1532 -1.379 -5.363
1.5323 -0.6129 -4.2904
0.3065 -1.8387 -3.6775
-0.1532 -4.75 -4.1371
0.7661 -1.0726 -4.2904
0.6129 -1.6855 -5.363
4.4436 -1.5323 -3.2178
-0.3065 -2.1452 -3.9839
8.5807 -3.6775 -0.6129
0.4597 0.3065 -4.4436
-0.7661 -5.2097 -6.742
3.0645 -1.0726 -3.371
0.6129 -2.7581 -3.0645
-1.0726 -5.363 -4.5968
0.7661 -0.3065 -4.75
5.8226 -8.8872 -1.992
0.3065 -1.5323 -2.9113
-0.4597 -3.0645 -4.2904
1.8387 1.6855 -3.8307
-0.4597 -1.8387 -3.371
3.8307 -5.2097 -1.8387
1.6855 -4.2904 -4.9033
5.5162 -2.4516 -2.7581
0.3065 -2.4516 -4.1371
3.0645 -4.75 -1.379
2.4516 0.1532 -4.2904
-0.1532 -5.6694 -6.4355
1.379 -1.379 -3.5242
0.9194 -2.2984 -2.9113
6.8952 -2.2984 -2.6049
1.379 -0.1532 -4.75
2.9113 -8.5807 -3.5242
