0.6129 -2.4516 -2.7581
0.4597 -5.363 -3.0645
1.8387 0.1532 -3.6775
0.3065 -1.2258 -2.9113
0.1532 -3.5242 -4.1371
0.9194 -3.371 -3.0645
2.1452 -4.9033 -4.1371
5.2097 -2.4516 -2.9113
-0.1532 -1.379 -3.371
7.6614 -4.5968 -0.3065
0.3065 1.2258 -4.5968
5.9759 -8.734 -1.5323
2.2984 -0.7661 -3.0645
-0.3065 -2.4516 -3.0645
0.3065 -5.363 -3.2178
0.6129 -1.0726 -4.9033
3.6775 -1.6855 -1.992
-0.7661 -1.8387 -2.9113
0.9194 -4.5968 -4.4436
0.6129 -0.7661 -4.2904
0.3065 -5.2097 -5.0565
3.9839 -3.0645 -1.379
8.8872 -3.9839 -0.4597
0.7661 0.4597 -4.4436
4.4436 -8.2743 -2.1452
2.2984 -1.2258 -3.2178
-0.1532 -1.992 -3.2178
-1.992 -5.6694 -3.6775
0.7661 -0.6129 -5.2097
4.75 -1.2258 -3.6775
-0.4597 -1.6855 -3.2178
2.4516 -4.75 -1.992
1.2258 0.3065 -3.8307
0.3065 -2.2984 -5.363
3.2178 -2.6049 -2.9113
1.0726 -2.4516 -3.2178
