-0.6129 -4.2904 -4.2904
-0.4597 -2.6049 -1.992
-1.379 -2.1452 -2.6049
-2.4516 -3.371 -2.2984
1.6855 -3.9839 -3.5242
-0.4597 -1.0726 -4.2904
-3.9839 -2.1452 -5.5162
1.8387 -1.8387 -2.2984
-0.7661 -2.4516 -2.6049
-0.9194 -4.9033 -2.4516
-0.1532 -1.8387 -3.9839
-0.9194 -1.2258 -4.2904
-1.2258 -5.2097 -4.9033
0.3065 -1.8387 -2.7581
-0.4597 -2.4516 -2.1452
1.6855 -5.363 -0.9194
0.3065 -0.9194 -3.6775
-1.992 -4.2904 -3.6775
2.4516 -2.7581 -1.992
-0.7661 -1.6855 -2.4516
-0.9194 -3.6775 -2.2984
-1.2258 -3.8307 -4.1371
-1.2258 -0.1532 -4.5968
-3.0645 -4.75 -5.8226
1.2258 -1.2258 -2.6049
-0.4597 -2.6049 -2.2984
4.4436 -4.5968 -0.6129
0.3065 -0.6129 -3.8307
-0.6129 -3.9839 -3.8307
1.2258 -2.7581 -2.4516
0.1532 -2.2984 -2.2984
-1.5323 -3.8307 -2.4516
-0.4597 -1.379 -3.8307
-0.7661 -0.3065 -4.2904
4.4436 -6.2823 -2.6049
-0.4597 -1.992 -2.1452
0.4597 -3.6775 -2.1452
5.5162 -2.9113 -1.8387
-0.4597 -0.3065 -4.1371
-1.379 -5.5162 -5.2097
0.4597 -1.0726 -2.4516
1.379 -3.0645 -2.2984
4.75 -4.2904 -0.6129
-4.5968 -2.4516 -5.5162
1.8387 -1.992 -2.1452
-0.1532 -2.7581 -2.1452
2.1452 -4.75 -1.2258
-0.1532 -2.6049 -3.371
-0.9194 -2.1452 -4.4436
-0.6129 -3.0645 -2.9113
-0.1532 -1.6855 -2.4516
0.1532 -3.371 -2.2984
-0.3065 -3.8307 -4.2904
-1.0726 -0.1532 -4.1371
2.9113 -5.6694 -2.9113
0.3065 -1.5323 -2.7581
-0.7661 -2.6049 -2.9113
5.9759 -3.9839 -3.2178
-1.379 -3.371 -5.9759
1.379 -2.6049 -2.4516
0.1532 -2.4516 -2.9113
