0.1532 -2.6049 -3.371
0.1532 -2.7581 -3.5242
0.3065 -2.6049 -3.371
-1.0726 -2.1452 -2.6049
-2.4516 -3.0645 -2.9113
-0.3065 -2.6049 -3.9839
-0.4597 -1.0726 -5.5162
-2.9113 -1.8387 -7.2017
1.0726 -2.1452 -2.4516
-0.7661 -2.4516 -3.371
-1.5323 -4.1371 -3.5242
0.1532 -1.379 -4.5968
-1.379 -0.1532 -5.6694
3.371 -8.121 -3.9839
-0.3065 -1.992 -3.371
-0.4597 -2.9113 -3.0645
3.371 -3.6775 -3.9839
0.7661 -0.3065 -4.5968
-2.7581 -3.371 -6.742
2.1452 -2.1452 -3.0645
-1.379 -2.2984 -3.5242
-1.8387 -3.9839 -3.9839
-0.6129 -2.2984 -4.75
-1.0726 -1.5323 -5.6694
-1.0726 -1.0726 -4.1371
-0.6129 -1.992 -3.2178
-0.9194 -2.2984 -3.5242
2.1452 -2.9113 -3.9839
-0.7661 -0.4597 -5.5162
-3.0645 -2.6049 -7.3549
1.5323 -2.6049 -2.6049
-0.3065 -2.4516 -3.0645
-1.992 -3.2178 -3.9839
-0.6129 -2.1452 -4.4436
1.8387 -4.2904 -5.363
-0.6129 -2.1452 -2.9113
-0.4597 -2.6049 -2.9113
1.8387 -4.4436 -3.8307
-1.992 -2.6049 -7.6614
1.5323 -2.1452 -3.5242
-0.9194 -2.2984 -3.2178
-1.8387 -3.371 -3.9839
-0.6129 -1.5323 -4.75
-0.6129 -2.1452 -5.363
-0.1532 -0.4597 -5.0565
-0.6129 -1.6855 -3.0645
-0.9194 -2.6049 -3.2178
3.6775 -3.2178 -3.5242
-0.1532 -0.4597 -5.363
-4.2904 -0.9194 -7.5081
2.7581 -2.9113 -2.4516
-0.3065 -2.6049 -3.5242
-1.2258 -4.2904 -3.8307
-0.1532 -2.1452 -4.75
-0.9194 -1.5323 -5.5162
-0.3065 -6.8952 -5.5162
0.7661 -2.1452 -3.371
-0.7661 -2.2984 -3.371
0.7661 -5.0565 -1.992
-0.4597 -2.4516 -5.0565
-1.2258 -1.6855 -6.2823
-0.1532 -3.8307 -2.7581
-0.6129 -1.8387 -3.5242
-2.7581 -3.6775 -3.5242
1.8387 -4.1371 -4.2904
-0.7661 0.3065 -5.8226
1.8387 -5.6694 -5.2097
-0.7661 -1.8387 -3.0645
-0.6129 -2.7581 -3.371
4.5968 -4.4436 -1.5323
0.7661 -0.1532 -4.9033
-2.1452 -1.6855 -7.0485
1.6855 -2.1452 -2.9113
-0.6129 -2.7581 -3.6775
-0.9194 -3.2178 -3.371
1.5323 -3.9839 -4.9033
-0.4597 -0.4597 -5.9759
-0.9194 -2.1452 -6.2823
1.2258 -2.4516 -3.371
-0.3065 -2.4516 -3.0645
-1.0726 -3.6775 -3.371
-0.6129 -1.0726 -4.4436
