0.4597 -2.7581 -2.9113
0.1532 -2.9113 -3.0645
-0.3065 -3.2178 -2.9113
-0.7661 -2.7581 -4.75
-3.0645 -0.4597 -5.8226
1.379 -2.1452 -2.6049
-0.7661 -2.4516 -2.2984
0.1532 -3.6775 -2.7581
-2.6049 -2.6049 -3.9839
-0.7661 -0.4597 -3.8307
-0.9194 -1.992 -2.9113
-1.0726 -3.371 -3.371
-3.0645 -2.1452 -3.8307
2.9113 -2.7581 -3.371
-0.1532 -2.4516 -2.2984
-2.9113 -4.5968 -1.8387
3.6775 -5.363 -3.9839
-1.6855 -0.4597 -3.8307
2.9113 -5.6694 -3.0645
0.3065 -1.992 -2.7581
-3.0645 -3.5242 -1.6855
2.4516 -4.4436 -4.5968
-1.992 -0.6129 -3.8307
4.2904 -4.75 -3.371
-1.2258 -2.2984 -2.6049
-2.6049 -3.371 -1.5323
-0.3065 -5.0565 -4.4436
-1.992 -0.6129 -3.6775
-0.3065 -0.4597 -3.8307
-2.4516 -2.1452 -2.4516
-0.3065 -4.4436 -3.0645
-1.5323 -2.1452 -3.0645
-2.9113 -2.4516 -4.2904
-1.2258 -1.6855 -3.371
-1.379 -1.992 -2.9113
2.4516 -2.1452 -2.1452
-0.3065 0.1532 -3.0645
-3.371 -1.992 -5.0565
4.2904 -1.379 -2.6049
0.1532 -2.2984 -2.6049
0.4597 -3.8307 -3.0645
-0.6129 -0.4597 -3.0645
-2.6049 -3.2178 -4.4436
3.371 -2.2984 -3.0645
0.6129 -2.1452 -2.6049
1.2258 -2.2984 -2.7581
-1.8387 -4.5968 -4.75
1.0726 -2.2984 -2.6049
-1.2258 -1.6855 -3.0645
2.2984 -3.2178 -2.6049
-1.5323 -0.6129 -3.8307
-4.2904 -3.0645 -5.363
1.8387 -1.6855 -2.9113
-1.2258 -2.2984 -2.4516
