0.6129 -2.7581 -4.75
0.6129 -2.7581 -4.5968
0.3065 -1.8387 -4.9033
-1.0726 -3.2178 -3.0645
0.1532 -2.2984 -3.371
1.8387 -3.5242 -0.4597
-0.3065 -1.2258 -4.5968
-1.6855 -2.4516 -6.1291
2.7581 -1.8387 -4.1371
-0.1532 -2.6049 -3.6775
-1.379 -4.1371 -4.4436
-1.0726 -3.8307 -4.1371
-1.8387 -1.992 -5.363
1.5323 -7.2017 -5.2097
1.0726 -1.379 -3.2178
-0.9194 -2.9113 -4.2904
-2.7581 -3.9839 -4.9033
2.6049 -7.6614 -4.75
1.0726 -1.6855 -3.6775
-1.0726 -3.371 -4.2904
-1.992 -3.371 -5.2097
-1.5323 0.7661 -5.6694
3.371 -6.5888 -4.2904
0.7661 -1.8387 -3.5242
-1.5323 -3.5242 -4.2904
4.1371 -4.5968 -4.75
3.9839 -7.9678 -4.1371
-0.4597 -1.992 -3.6775
0.4597 -3.0645 -3.371
3.9839 -4.75 -5.0565
-1.2258 0.3065 -5.5162
1.2258 -2.4516 -5.2097
-0.6129 -2.7581 -3.6775
0.4597 -2.6049 -4.1371
1.5323 -6.742 -5.6694
-1.379 -0.6129 -5.363
1.992 -1.379 -4.4436
-0.7661 -2.9113 -3.8307
-1.2258 -3.371 -4.4436
0.4597 -4.9033 -5.9759
-1.379 -0.3065 -5.6694
2.6049 -0.4597 -5.5162
-0.9194 -1.6855 -3.9839
-1.6855 -4.1371 -4.1371
1.0726 -7.0485 -5.5162
-1.8387 -1.2258 -5.5162
1.6855 -0.6129 -4.1371
-1.2258 -1.992 -3.8307
-3.2178 -1.8387 -4.75
-1.6855 -3.371 -6.1291
0.4597 -2.7581 -2.9113
-1.6855 -2.1452 -4.1371
2.6049 -3.9839 -2.9113
-1.5323 -0.6129 -4.4436
-1.992 -3.6775 -6.2823
1.8387 -3.2178 -3.371
-1.2258 -2.6049 -3.6775
0.3065 -2.9113 -4.5968
-0.4597 0.1532 -4.75
-0.4597 -2.6049 -5.5162
2.4516 -2.9113 -2.9113
-1.6855 -2.2984 -4.2904
0.7661 -2.1452 -4.2904
0.6129 -3.0645 -5.363
-1.992 -1.5323 -5.8226
1.5323 -4.9033 -5.2097
-0.3065 -1.992 -4.1371
-0.1532 -2.6049 -3.8307
2.4516 -3.5242 -4.4436
-0.3065 -0.9194 -5.2097
0.1532 -6.2823 -5.6694
1.5323 -1.6855 -4.5968
-0.4597 -2.2984 -3.9839
2.9113 -3.2178 -1.6855
-0.9194 0.4597 -4.75
-2.4516 -3.6775 -5.8226
1.0726 -3.371 -3.2178
-1.379 -1.6855 -3.8307
0.3065 -4.4436 -2.2984
-1.8387 -0.7661 -4.4436
